0 0.39381 0.798514 0.367046 0.400292 0.599016
0 0.611793 0.561516 0.549136 0.260919 0.508841
0 0.626347 0.516851 0.568143 0.164792 0.401823
0 0.213658 0.615812 0.420131 0.143717 0.368886
0 0.177104 0.657693 0.344369 0.222186 0.352103
0 0.668452 0.13475 0.223309 0.241267 0.342631
0 0.717676 0.86534 0.281348 0.228678 0.3385
0 0.718612 0.802149 0.288624 0.33493 0.332216
0 0.414904 0.811283 0.245073 0.377434 0.289064
0 0.93102 0.753245 0.13796 0.481173 0.273157
0 0.610523 0.133776 0.301683 0.23996 0.263498
0 0.749179 0.270005 0.501643 0.318194 0.258443
0 0.449824 0.83108 0.239411 0.324626 0.257198
0 0.223922 0.673947 0.447845 0.216669 0.257047
