0 0.805354 0.689707 0.389292 0.377492 0.734768
0 0.155357 0.346421 0.310714 0.368456 0.662091
0 0.161315 0.270761 0.322631 0.205889 0.648992
0 0.149486 0.433031 0.298971 0.168579 0.51209
0 0.1522 0.371719 0.304399 0.258545 0.480365
0 0.152091 0.615141 0.2973 0.205195 0.45625
0 0.148284 0.433164 0.296567 0.274774 0.455106
0 0.147442 0.424073 0.291363 0.390288 0.447121
0 0.150419 0.542462 0.300839 0.306519 0.418132
0 0.149136 0.516634 0.294109 0.553015 0.410528
0 0.435899 0.442773 0.300819 0.187711 0.395185
0 0.469293 0.212248 0.251864 0.42197 0.351836
0 0.508818 0.186518 0.338274 0.345335 0.348793
0 0.392929 0.469236 0.2764 0.21595 0.345005
0 0.176413 0.248598 0.333021 0.146212 0.313363
0 0.4889 0.420005 0.35891 0.188145 0.298033
0 0.831308 0.358974 0.337384 0.701093 0.262864
0 0.295148 0.101055 0.52116 0.178082 0.252758
